14.0000	0.0	12	11	10248
9.8000	0.0	10	42	10248
34.8000	0.0	5	72	10248
18.6000	0.0	9	14	10249
42.4000	0.0	40	51	10249
7.7000	0.0	10	41	10250
42.4000	0.15000001	35	51	10250
16.8000	0.15000001	15	65	10250
16.8000	5.0000001E-2	6	22	10251
15.6000	5.0000001E-2	15	57	10251
16.8000	0.0	20	65	10251
64.8000	5.0000001E-2	40	20	10252
2.0000	5.0000001E-2	25	33	10252
27.2000	0.0	40	60	10252
10.0000	0.0	20	31	10253
14.4000	0.0	42	39	10253
16.0000	0.0	40	49	10253
3.6000	0.15000001	15	24	10254
19.2000	0.15000001	21	55	10254
8.0000	0.0	21	74	10254
15.2000	0.0	20	2	10255
13.9000	0.0	35	16	10255
15.2000	0.0	25	36	10255
44.0000	0.0	30	59	10255
26.2000	0.0	15	53	10256
10.4000	0.0	12	77	10256
35.1000	0.0	25	27	10257
14.4000	0.0	6	39	10257
10.4000	0.0	15	77	10257
15.2000	0.2	50	2	10258
17.0000	0.2	65	5	10258
25.6000	0.2	6	32	10258
8.0000	0.0	10	21	10259
20.8000	0.0	1	37	10259
7.7000	0.25	16	41	10260
15.6000	0.0	50	57	10260
39.4000	0.25	15	62	10260
12.0000	0.25	21	70	10260
8.0000	0.0	20	21	10261
14.4000	0.0	20	35	10261
17.0000	0.2	12	5	10262
24.0000	0.0	15	7	10262
30.4000	0.0	2	56	10262
13.9000	0.25	60	16	10263
3.6000	0.0	28	24	10263
20.7000	0.25	60	30	10263
8.0000	0.25	36	74	10263
15.2000	0.0	35	2	10264
7.7000	0.15000001	25	41	10264
31.2000	0.0	30	17	10265
12.0000	0.0	20	70	10265
30.4000	5.0000001E-2	12	12	10266
14.7000	0.0	50	40	10267
44.0000	0.15000001	70	59	10267
14.4000	0.15000001	15	76	10267
99.0000	0.0	10	29	10268
27.8000	0.0	4	72	10268
2.0000	5.0000001E-2	60	33	10269
27.8000	5.0000001E-2	20	72	10269
15.2000	0.0	30	36	10270
36.8000	0.0	25	43	10270
2.0000	0.0	24	33	10271
64.8000	0.0	6	20	10272
10.0000	0.0	40	31	10272
27.8000	0.0	24	72	10272
24.8000	5.0000001E-2	24	10	10273
10.0000	5.0000001E-2	15	31	10273
2.0000	0.0	20	33	10273
14.7000	5.0000001E-2	60	40	10273
14.4000	5.0000001E-2	33	76	10273
17.2000	0.0	20	71	10274
27.8000	0.0	7	72	10274
3.6000	5.0000001E-2	12	24	10275
44.0000	5.0000001E-2	6	59	10275
24.8000	0.0	15	10	10276
4.8000	0.0	10	13	10276
36.4000	0.0	20	28	10277
39.4000	0.0	12	62	10277
15.5000	0.0	16	44	10278
44.0000	0.0	15	59	10278
35.1000	0.0	8	63	10278
12.0000	0.0	25	73	10278
31.2000	0.25	15	17	10279
3.6000	0.0	12	24	10280
19.2000	0.0	20	55	10280
6.2000	0.0	30	75	10280
7.3000	0.0	1	19	10281
3.6000	0.0	6	24	10281
14.4000	0.0	4	35	10281
20.7000	0.0	6	30	10282
15.6000	0.0	2	57	10282
12.4000	0.0	20	15	10283
7.3000	0.0	18	19	10283
27.2000	0.0	35	60	10283
27.8000	0.0	3	72	10283
35.1000	0.25	15	27	10284
15.5000	0.0	21	44	10284
27.2000	0.25	20	60	10284
11.2000	0.25	5	67	10284
14.4000	0.2	45	1	10285
14.7000	0.2	40	40	10285
26.2000	0.2	36	53	10285
14.4000	0.0	100	35	10286
39.4000	0.0	40	62	10286
13.9000	0.15000001	40	16	10287
11.2000	0.0	20	34	10287
9.6000	0.15000001	15	46	10287
5.9000	0.1	10	54	10288
10.0000	0.1	3	68	10288
8.0000	0.0	30	3	10289
26.6000	0.0	9	64	10289
17.0000	0.0	20	5	10290
99.0000	0.0	15	29	10290
16.0000	0.0	15	49	10290
10.4000	0.0	10	77	10290
4.8000	0.1	20	13	10291
15.5000	0.1	24	44	10291
42.4000	0.1	2	51	10291
64.8000	0.0	20	20	10292
50.0000	0.0	12	18	10293
3.6000	0.0	10	24	10293
35.1000	0.0	5	63	10293
6.2000	0.0	6	75	10293
14.4000	0.0	18	1	10294
31.2000	0.0	15	17	10294
36.8000	0.0	15	43	10294
27.2000	0.0	21	60	10294
6.2000	0.0	6	75	10294
30.4000	0.0	4	56	10295
16.8000	0.0	12	11	10296
13.9000	0.0	30	16	10296
28.8000	0.0	15	69	10296
14.4000	0.0	60	39	10297
27.8000	0.0	20	72	10297
15.2000	0.0	40	2	10298
15.2000	0.25	40	36	10298
44.0000	0.25	30	59	10298
39.4000	0.0	15	62	10298
7.3000	0.0	15	19	10299
12.0000	0.0	20	70	10299
13.6000	0.0	30	66	10300
10.0000	0.0	20	68	10300
14.7000	0.0	10	40	10301
30.4000	0.0	20	56	10301
31.2000	0.0	40	17	10302
36.4000	0.0	28	28	10302
36.8000	0.0	12	43	10302
14.7000	0.1	40	40	10303
16.8000	0.1	30	65	10303
10.0000	0.1	15	68	10303
16.0000	0.0	30	49	10304
44.0000	0.0	10	59	10304
17.2000	0.0	2	71	10304
50.0000	0.1	25	18	10305
99.0000	0.1	25	29	10305
14.4000	0.1	30	39	10305
20.7000	0.0	10	30	10306
26.2000	0.0	10	53	10306
5.9000	0.0	5	54	10306
39.4000	0.0	10	62	10307
10.0000	0.0	3	68	10307
28.8000	0.0	1	69	10308
12.0000	0.0	5	70	10308
17.6000	0.0	20	4	10309
20.0000	0.0	30	6	10309
11.2000	0.0	2	42	10309
36.8000	0.0	20	43	10309
17.2000	0.0	3	71	10309
13.9000	0.0	10	16	10310
39.4000	0.0	5	62	10310
11.2000	0.0	6	42	10311
28.8000	0.0	7	69	10311
36.4000	0.0	4	28	10312
36.8000	0.0	24	43	10312
26.2000	0.0	20	53	10312
6.2000	0.0	10	75	10312
15.2000	0.0	12	36	10313
25.6000	0.1	40	32	10314
10.6000	0.1	30	58	10314
39.4000	0.1	25	62	10314
11.2000	0.0	14	34	10315
12.0000	0.0	30	70	10315
7.7000	0.0	10	41	10316
39.4000	0.0	70	62	10316
14.4000	0.0	20	1	10317
7.7000	0.0	20	41	10318
14.4000	0.0	6	76	10318
31.2000	0.0	8	17	10319
36.4000	0.0	14	28	10319
14.4000	0.0	30	76	10319
17.2000	0.0	30	71	10320
14.4000	0.0	10	35	10321
5.6000	0.0	20	52	10322
12.4000	0.0	5	15	10323
11.2000	0.0	4	25	10323
14.4000	0.0	4	39	10323
13.9000	0.15000001	21	16	10324
14.4000	0.15000001	70	35	10324
9.6000	0.0	30	46	10324
44.0000	0.15000001	40	59	10324
35.1000	0.15000001	80	63	10324
20.0000	0.0	6	6	10325
4.8000	0.0	12	13	10325
18.6000	0.0	9	14	10325
10.0000	0.0	4	31	10325
27.8000	0.0	40	72	10325
17.6000	0.0	24	4	10326
15.6000	0.0	16	57	10326
6.2000	0.0	50	75	10326
15.2000	0.2	25	2	10327
16.8000	0.2	50	11	10327
20.7000	0.2	35	30	10327
10.6000	0.2	30	58	10327
44.0000	0.0	9	59	10328
16.8000	0.0	40	65	10328
10.0000	0.0	10	68	10328
7.3000	5.0000001E-2	10	19	10329
20.7000	5.0000001E-2	8	30	10329
210.8000	5.0000001E-2	20	38	10329
30.4000	5.0000001E-2	12	56	10329
24.9000	0.15000001	50	26	10330
27.8000	0.15000001	25	72	10330
5.9000	0.0	15	54	10331
50.0000	0.2	40	18	10332
11.2000	0.2	10	42	10332
7.6000	0.2	16	47	10332
18.6000	0.0	10	14	10333
8.0000	0.1	10	21	10333
17.2000	0.1	40	71	10333
5.6000	0.0	8	52	10334
10.0000	0.0	10	68	10334
15.2000	0.2	7	2	10335
10.0000	0.2	25	31	10335
25.6000	0.2	6	32	10335
42.4000	0.2	48	51	10335
17.6000	0.1	18	4	10336
7.2000	0.0	40	23	10337
24.9000	0.0	24	26	10337
15.2000	0.0	20	36	10337
20.8000	0.0	28	37	10337
27.8000	0.0	25	72	10337
31.2000	0.0	20	17	10338
20.7000	0.0	15	30	10338
17.6000	0.0	10	4	10339
31.2000	5.0000001E-2	70	17	10339
39.4000	0.0	28	62	10339
50.0000	5.0000001E-2	20	18	10340
7.7000	5.0000001E-2	12	41	10340
36.8000	5.0000001E-2	40	43	10340
2.0000	0.0	8	33	10341
44.0000	0.15000001	9	59	10341
15.2000	0.2	24	2	10342
10.0000	0.2	56	31	10342
15.2000	0.2	40	36	10342
19.2000	0.2	40	55	10342
26.6000	0.0	50	64	10343
10.0000	5.0000001E-2	4	68	10343
14.4000	0.0	15	76	10343
17.6000	0.0	35	4	10344
32.0000	0.25	70	8	10344
32.0000	0.0	70	8	10345
7.3000	0.0	80	19	10345
11.2000	0.0	9	42	10345
31.2000	0.1	36	17	10346
30.4000	0.0	20	56	10346
11.2000	0.0	10	25	10347
14.4000	0.15000001	50	39	10347
14.7000	0.0	4	40	10347
6.2000	0.15000001	6	75	10347
14.4000	0.15000001	15	1	10348
7.2000	0.0	25	23	10348
5.9000	0.0	24	54	10349
13.0000	0.1	15	50	10350
28.8000	0.1	18	69	10350
210.8000	5.0000001E-2	20	38	10351
7.7000	0.0	13	41	10351
15.5000	5.0000001E-2	77	44	10351
16.8000	5.0000001E-2	10	65	10351
3.6000	0.0	10	24	10352
5.9000	0.15000001	20	54	10352
16.8000	0.2	12	11	10353
210.8000	0.2	50	38	10353
14.4000	0.0	12	1	10354
99.0000	0.0	4	29	10354
3.6000	0.0	25	24	10355
15.6000	0.0	25	57	10355
10.0000	0.0	30	31	10356
19.2000	0.0	12	55	10356
28.8000	0.0	20	69	10356
24.8000	0.2	30	10	10357
24.9000	0.0	16	26	10357
27.2000	0.2	8	60	10357
3.6000	5.0000001E-2	10	24	10358
11.2000	5.0000001E-2	10	34	10358
15.2000	5.0000001E-2	20	36	10358
13.9000	5.0000001E-2	56	16	10359
10.0000	5.0000001E-2	70	31	10359
27.2000	5.0000001E-2	80	60	10359
36.4000	0.0	30	28	10360
99.0000	0.0	35	29	10360
210.8000	0.0	10	38	10360
16.0000	0.0	35	49	10360
5.9000	0.0	28	54	10360
14.4000	0.1	54	39	10361
27.2000	0.1	55	60	10361
11.2000	0.0	50	25	10362
42.4000	0.0	20	51	10362
5.9000	0.0	24	54	10362
10.0000	0.0	20	31	10363
6.2000	0.0	12	75	10363
14.4000	0.0	12	76	10363
28.8000	0.0	30	69	10364
17.2000	0.0	5	71	10364
16.8000	0.0	24	11	10365
16.8000	0.0	5	65	10366
10.4000	0.0	5	77	10366
11.2000	0.0	36	34	10367
5.9000	0.0	18	54	10367
16.8000	0.0	15	65	10367
10.4000	0.0	7	77	10367
8.0000	0.1	5	21	10368
36.4000	0.1	13	28	10368
15.6000	0.0	25	57	10368
26.6000	0.1	35	64	10368
99.0000	0.0	20	29	10369
30.4000	0.25	18	56	10369
14.4000	0.15000001	15	1	10370
26.6000	0.0	30	64	10370
8.0000	0.15000001	20	74	10370
15.2000	0.2	6	36	10371
64.8000	0.25	12	20	10372
210.8000	0.25	40	38	10372
27.2000	0.25	70	60	10372
27.8000	0.25	42	72	10372
10.6000	0.2	80	58	10373
17.2000	0.2	50	71	10373
10.0000	0.0	30	31	10374
10.6000	0.0	15	58	10374
18.6000	0.0	15	14	10375
5.9000	0.0	10	54	10375
10.0000	5.0000001E-2	42	31	10376
36.4000	0.15000001	20	28	10377
14.4000	0.15000001	20	39	10377
17.2000	0.0	6	71	10378
7.7000	0.1	8	41	10379
35.1000	0.1	16	63	10379
16.8000	0.1	20	65	10379
20.7000	0.1	18	30	10380
26.2000	0.1	20	53	10380
27.2000	0.1	6	60	10380
12.0000	0.0	30	70	10380
8.0000	0.0	14	74	10381
17.0000	0.0	32	5	10382
50.0000	0.0	9	18	10382
99.0000	0.0	14	29	10382
2.0000	0.0	60	33	10382
8.0000	0.0	50	74	10382
4.8000	0.0	20	13	10383
13.0000	0.0	15	50	10383
30.4000	0.0	20	56	10383
64.8000	0.0	28	20	10384
27.2000	0.0	15	60	10384
24.0000	0.2	10	7	10385
27.2000	0.2	20	60	10385
10.0000	0.2	8	68	10385
3.6000	0.0	15	24	10386
11.2000	0.0	10	34	10386
3.6000	0.0	15	24	10387
36.4000	0.0	6	28	10387
44.0000	0.0	12	59	10387
17.2000	0.0	15	71	10387
7.6000	0.2	15	45	10388
5.6000	0.2	20	52	10388
26.2000	0.0	40	53	10388
24.8000	0.0	16	10	10389
19.2000	0.0	15	55	10389
39.4000	0.0	20	62	10389
12.0000	0.0	30	70	10389
10.0000	0.1	60	31	10390
14.4000	0.1	40	35	10390
9.6000	0.0	45	46	10390
27.8000	0.1	24	72	10390
4.8000	0.0	18	13	10391
28.8000	0.0	50	69	10392
15.2000	0.25	25	2	10393
18.6000	0.25	42	14	10393
11.2000	0.25	7	25	10393
24.9000	0.25	70	26	10393
10.0000	0.0	32	31	10393
4.8000	0.0	10	13	10394
39.4000	0.0	10	62	10394
9.6000	0.1	28	46	10395
26.2000	0.1	70	53	10395
28.8000	0.0	8	69	10395
7.2000	0.0	40	23	10396
17.2000	0.0	60	71	10396
27.8000	0.0	21	72	10396
8.0000	0.15000001	10	21	10397
42.4000	0.15000001	18	51	10397
14.4000	0.0	30	35	10398
19.2000	0.1	120	55	10398
10.0000	0.0	60	68	10399
17.2000	0.0	30	71	10399
14.4000	0.0	35	76	10399
10.4000	0.0	14	77	10399
99.0000	0.0	21	29	10400
14.4000	0.0	35	35	10400
16.0000	0.0	30	49	10400
20.7000	0.0	18	30	10401
30.4000	0.0	70	56	10401
16.8000	0.0	20	65	10401
17.2000	0.0	60	71	10401
7.2000	0.0	60	23	10402
35.1000	0.0	65	63	10402
13.9000	0.15000001	21	16	10403
10.2000	0.15000001	70	48	10403
24.9000	5.0000001E-2	30	26	10404
11.2000	5.0000001E-2	40	42	10404
16.0000	5.0000001E-2	30	49	10404
8.0000	0.0	50	3	10405
14.4000	0.0	10	1	10406
8.0000	0.1	30	21	10406
36.4000	0.1	42	28	10406
15.2000	0.1	5	36	10406
14.7000	0.1	2	40	10406
16.8000	0.0	30	11	10407
28.8000	0.0	15	69	10407
17.2000	0.0	15	71	10407
20.8000	0.0	10	37	10408
5.9000	0.0	6	54	10408
39.4000	0.0	35	62	10408
18.6000	0.0	12	14	10409
8.0000	0.0	12	21	10409
2.0000	0.0	49	33	10410
44.0000	0.0	16	59	10410
7.7000	0.2	25	41	10411
15.5000	0.2	40	44	10411
44.0000	0.2	9	59	10411
18.6000	0.1	20	14	10412
14.4000	0.0	24	1	10413
39.4000	0.0	40	62	10413
14.4000	0.0	14	76	10413
7.3000	5.0000001E-2	18	19	10414
2.0000	0.0	50	33	10414
31.2000	0.0	2	17	10415
2.0000	0.0	20	33	10415
7.3000	0.0	20	19	10416
26.2000	0.0	10	53	10416
15.6000	0.0	20	57	10416
210.8000	0.0	50	38	10417
9.6000	0.25	2	46	10417
10.0000	0.25	36	68	10417
10.4000	0.0	35	77	10417
15.2000	0.0	60	2	10418
7.6000	0.0	55	47	10418
22.8000	0.0	16	61	10418
8.0000	0.0	15	74	10418
27.2000	5.0000001E-2	60	60	10419
28.8000	5.0000001E-2	20	69	10419
77.6000	0.1	20	9	10420
4.8000	0.1	2	13	10420
12.0000	0.1	8	70	10420
12.0000	0.1	20	73	10420
7.3000	0.15000001	4	19	10421
24.9000	0.0	30	26	10421
26.2000	0.15000001	15	53	10421
10.4000	0.15000001	10	77	10421
24.9000	0.0	2	26	10422
10.0000	0.0	14	31	10423
44.0000	0.0	20	59	10423
14.4000	0.2	60	35	10424
210.8000	0.2	49	38	10424
10.0000	0.2	30	68	10424
19.2000	0.25	10	55	10425
14.4000	0.25	20	76	10425
30.4000	0.0	5	56	10426
26.6000	0.0	7	64	10426
18.6000	0.0	35	14	10427
9.6000	0.0	20	46	10428
13.0000	0.0	40	50	10429
35.1000	0.25	35	63	10429
31.2000	0.2	45	17	10430
8.0000	0.0	50	21	10430
30.4000	0.0	30	56	10430
44.0000	0.2	70	59	10430
31.2000	0.25	50	17	10431
14.7000	0.25	50	40	10431
7.6000	0.25	30	47	10431
24.9000	0.0	10	26	10432
5.9000	0.0	40	54	10432
30.4000	0.0	28	56	10433
16.8000	0.0	6	11	10434
14.4000	0.15000001	18	76	10434
15.2000	0.0	10	2	10435
16.8000	0.0	12	22	10435
27.8000	0.0	10	72	10435
9.6000	0.0	5	46	10436
30.4000	0.1	40	56	10436
26.6000	0.1	30	64	10436
6.2000	0.1	24	75	10436
26.2000	0.0	15	53	10437
7.3000	0.2	15	19	10438
11.2000	0.2	20	34	10438
15.6000	0.2	15	57	10438
30.4000	0.0	15	12	10439
13.9000	0.0	16	16	10439
26.6000	0.0	6	64	10439
8.0000	0.0	30	74	10439
15.2000	0.15000001	45	2	10440
13.9000	0.15000001	49	16	10440
99.0000	0.15000001	24	29	10440
22.8000	0.15000001	90	61	10440
35.1000	0.0	50	27	10441
16.8000	0.0	30	11	10442
5.9000	0.0	80	54	10442
13.6000	0.0	60	66	10442
16.8000	0.2	6	11	10443
36.4000	0.0	12	28	10443
31.2000	0.0	10	17	10444
24.9000	0.0	15	26	10444
14.4000	0.0	8	35	10444
7.7000	0.0	30	41	10444
14.4000	0.0	6	39	10445
5.9000	0.0	15	54	10445
7.3000	0.1	12	19	10446
3.6000	0.1	20	24	10446
10.0000	0.1	3	31	10446
5.6000	0.1	15	52	10446
7.3000	0.0	40	19	10447
16.8000	0.0	35	65	10447
17.2000	0.0	2	71	10447
24.9000	0.0	6	26	10448
14.7000	0.0	20	40	10448
24.8000	0.0	14	10	10449
5.6000	0.0	20	52	10449
39.4000	0.0	35	62	10449
24.8000	0.2	20	10	10450
5.9000	0.2	6	54	10450
19.2000	0.1	120	55	10451
26.6000	0.1	35	64	10451
16.8000	0.1	28	65	10451
10.4000	0.1	55	77	10451
36.4000	0.0	15	28	10452
15.5000	5.0000001E-2	100	44	10452
10.2000	0.1	15	48	10453
12.0000	0.1	25	70	10453
13.9000	0.2	20	16	10454
2.0000	0.2	20	33	10454
9.6000	0.2	10	46	10454
14.4000	0.0	20	39	10455
26.2000	0.0	50	53	10455
22.8000	0.0	25	61	10455
17.2000	0.0	30	71	10455
8.0000	0.15000001	40	21	10456
16.0000	0.15000001	21	49	10456
44.0000	0.0	36	59	10457
24.9000	0.0	30	26	10458
36.4000	0.0	30	28	10458
36.8000	0.0	20	43	10458
30.4000	0.0	15	56	10458
17.2000	0.0	50	71	10458
24.0000	5.0000001E-2	16	7	10459
9.6000	5.0000001E-2	20	46	10459
27.8000	0.0	40	72	10459
10.0000	0.25	21	68	10460
6.2000	0.25	4	75	10460
8.0000	0.25	40	21	10461
20.7000	0.25	28	30	10461
19.2000	0.25	60	55	10461
4.8000	0.0	1	13	10462
7.2000	0.0	21	23	10462
7.3000	0.0	21	19	10463
11.2000	0.0	50	42	10463
17.6000	0.2	16	4	10464
36.8000	0.0	3	43	10464
30.4000	0.2	30	56	10464
27.2000	0.0	20	60	10464
3.6000	0.0	25	24	10465
99.0000	0.1	18	29	10465
14.7000	0.0	20	40	10465
7.6000	0.1	30	45	10465
13.0000	0.0	25	50	10465
16.8000	0.0	10	11	10466
9.6000	0.0	5	46	10466
3.6000	0.0	28	24	10467
11.2000	0.0	12	25	10467
20.7000	0.0	8	30	10468
36.8000	0.0	15	43	10468
15.2000	0.15000001	40	2	10469
13.9000	0.15000001	35	16	10469
15.5000	0.15000001	2	44	10469
50.0000	0.0	30	18	10470
7.2000	0.0	15	23	10470
26.6000	0.0	8	64	10470
24.0000	0.0	30	7	10471
30.4000	0.0	20	56	10471
3.6000	5.0000001E-2	80	24	10472
42.4000	0.0	18	51	10472
2.0000	0.0	12	33	10473
17.2000	0.0	12	71	10473
18.6000	0.0	12	14	10474
36.4000	0.0	18	28	10474
14.7000	0.0	21	40	10474
6.2000	0.0	10	75	10474
10.0000	0.15000001	35	31	10475
13.6000	0.15000001	60	66	10475
14.4000	0.15000001	42	76	10475
19.2000	5.0000001E-2	2	55	10476
12.0000	0.0	12	70	10476
14.4000	0.0	15	1	10477
8.0000	0.25	21	21	10477
14.4000	0.25	20	39	10477
24.8000	5.0000001E-2	20	10	10478
210.8000	0.0	30	38	10479
26.2000	0.0	28	53	10479
44.0000	0.0	60	59	10479
26.6000	0.0	30	64	10479
7.6000	0.0	30	47	10480
44.0000	0.0	12	59	10480
16.0000	0.0	24	49	10481
27.2000	0.0	40	60	10481
14.7000	0.0	10	40	10482
11.2000	5.0000001E-2	35	34	10483
10.4000	5.0000001E-2	30	77	10483
8.0000	0.0	14	21	10484
14.7000	0.0	10	40	10484
42.4000	0.0	3	51	10484
15.2000	0.1	20	2	10485
8.0000	0.1	20	3	10485
19.2000	0.1	30	55	10485
12.0000	0.1	60	70	10485
16.8000	0.0	5	11	10486
42.4000	0.0	25	51	10486
8.0000	0.0	16	74	10486
7.3000	0.0	5	19	10487
24.9000	0.0	30	26	10487
5.9000	0.25	24	54	10487
44.0000	0.0	30	59	10488
12.0000	0.2	20	73	10488
16.8000	0.25	15	11	10489
13.9000	0.0	18	16	10489
44.0000	0.0	60	59	10490
10.0000	0.0	30	68	10490
6.2000	0.0	36	75	10490
15.5000	0.15000001	15	44	10491
10.4000	0.15000001	7	77	10491
11.2000	5.0000001E-2	60	25	10492
11.2000	5.0000001E-2	20	42	10492
16.8000	0.1	15	65	10493
13.6000	0.1	10	66	10493
28.8000	0.1	10	69	10493
30.4000	0.0	30	56	10494
7.2000	0.0	10	23	10495
7.7000	0.0	20	41	10495
10.4000	0.0	5	77	10495
10.0000	5.0000001E-2	20	31	10496
30.4000	0.0	14	56	10497
27.8000	0.0	25	72	10497
10.4000	0.0	25	77	10497
4.5000	0.0	14	24	10498
18.4000	0.0	5	40	10498
14.0000	0.0	30	42	10498
45.6000	0.0	20	28	10499
20.0000	0.0	25	49	10499
15.5000	5.0000001E-2	12	15	10500
45.6000	5.0000001E-2	8	28	10500
7.4500	0.0	20	54	10501
9.5000	0.0	21	45	10502
32.8000	0.0	6	53	10502
14.0000	0.0	30	67	10502
23.2500	0.0	70	14	10503
21.0500	0.0	20	65	10503
19.0000	0.0	12	2	10504
10.0000	0.0	12	21	10504
32.8000	0.0	10	53	10504
28.5000	0.0	25	61	10504
49.3000	0.0	3	62	10505
14.0000	0.1	18	25	10506
15.0000	0.1	14	70	10506
46.0000	0.15000001	15	43	10507
12.7500	0.15000001	15	48	10507
6.0000	0.0	10	13	10508
18.0000	0.0	10	39	10508
45.6000	0.0	3	28	10509
123.7900	0.0	36	29	10510
7.7500	0.1	36	75	10510
22.0000	0.15000001	50	4	10511
30.0000	0.15000001	50	7	10511
40.0000	0.15000001	10	8	10511
4.5000	0.15000001	10	24	10512
12.0000	0.15000001	9	46	10512
9.5000	0.15000001	6	47	10512
34.0000	0.15000001	12	60	10512
10.0000	0.2	40	21	10513
32.0000	0.2	50	32	10513
28.5000	0.2	15	61	10513
81.0000	0.0	39	20	10514
45.6000	0.0	35	28	10514
38.0000	0.0	70	56	10514
21.0500	0.0	39	65	10514
7.7500	0.0	50	75	10514
97.0000	0.15000001	16	9	10515
17.4500	0.0	50	16	10515
43.9000	0.0	120	27	10515
2.5000	0.15000001	16	33	10515
34.0000	0.15000001	84	60	10515
62.5000	0.1	25	18	10516
9.6500	0.1	80	41	10516
14.0000	0.0	20	42	10516
7.0000	0.0	6	52	10517
55.0000	0.0	4	59	10517
15.0000	0.0	6	70	10517
4.5000	0.0	5	24	10518
263.5000	0.0	15	38	10518
19.4500	0.0	9	44	10518
31.0000	5.0000001E-2	16	10	10519
38.0000	0.0	40	56	10519
34.0000	5.0000001E-2	10	60	10519
4.5000	0.0	8	24	10520
32.8000	0.0	5	53	10520
18.0000	0.0	3	35	10521
9.6500	0.0	10	41	10521
12.5000	0.0	6	68	10521
18.0000	0.2	40	1	10522
40.0000	0.0	24	8	10522
25.8900	0.2	20	30	10522
18.4000	0.2	25	40	10522
39.0000	0.1	25	17	10523
81.0000	0.1	15	20	10523
26.0000	0.1	18	37	10523
9.6500	0.1	6	41	10523
31.0000	0.0	2	10	10524
25.8900	0.0	10	30	10524
46.0000	0.0	60	43	10524
7.4500	0.0	15	54	10524
19.0000	0.0	30	36	10525
18.4000	0.1	15	40	10525
18.0000	0.15000001	8	1	10526
6.0000	0.0	10	13	10526
38.0000	0.15000001	30	56	10526
22.0000	0.1	50	4	10527
19.0000	0.1	30	36	10527
21.0000	0.0	3	11	10528
2.5000	0.2	8	33	10528
34.8000	0.0	9	72	10528
24.0000	0.0	14	55	10529
12.5000	0.0	20	68	10529
36.0000	0.0	10	69	10529
39.0000	0.0	40	17	10530
46.0000	0.0	25	43	10530
28.5000	0.0	20	61	10530
18.0000	0.0	50	76	10530
55.0000	0.0	2	59	10531
25.8900	0.0	15	30	10532
17.0000	0.0	24	66	10532
22.0000	5.0000001E-2	50	4	10533
34.8000	0.0	24	72	10533
15.0000	5.0000001E-2	24	73	10533
25.8900	0.0	10	30	10534
18.4000	0.2	10	40	10534
7.4500	0.2	10	54	10534
21.0000	0.1	50	11	10535
18.4000	0.1	10	40	10535
19.5000	0.1	5	57	10535
55.0000	0.1	15	59	10535
38.0000	0.25	15	12	10536
12.5000	0.0	20	31	10536
2.5000	0.0	30	33	10536
34.0000	0.25	35	60	10536
12.5000	0.0	30	31	10537
53.0000	0.0	6	51	10537
13.2500	0.0	20	58	10537
34.8000	0.0	21	72	10537
15.0000	0.0	9	73	10537
15.0000	0.0	7	70	10538
34.8000	0.0	1	72	10538
6.0000	0.0	8	13	10539
10.0000	0.0	15	21	10539
2.5000	0.0	15	33	10539
20.0000	0.0	6	49	10539
10.0000	0.0	60	3	10540
31.2300	0.0	40	26	10540
263.5000	0.0	30	38	10540
12.5000	0.0	35	68	10540
4.5000	0.1	35	24	10541
263.5000	0.1	4	38	10541
21.0500	0.1	36	65	10541
21.5000	0.1	9	71	10541
21.0000	5.0000001E-2	15	11	10542
7.4500	5.0000001E-2	24	54	10542
38.0000	0.15000001	30	12	10543
9.0000	0.15000001	70	23	10543
45.6000	0.0	7	28	10544
14.0000	0.0	7	67	10544
21.0000	0.0	10	11	10545
30.0000	0.0	10	7	10546
18.0000	0.0	30	35	10546
49.3000	0.0	40	62	10546
32.0000	0.15000001	24	32	10547
19.0000	0.0	60	36	10547
14.0000	0.25	10	34	10548
9.6500	0.0	14	41	10548
12.5000	0.15000001	55	31	10549
9.5000	0.15000001	100	45	10549
53.0000	0.15000001	48	51	10549
39.0000	0.1	8	17	10550
9.2000	0.0	10	19	10550
10.0000	0.1	6	21	10550
28.5000	0.1	10	61	10550
17.4500	0.15000001	40	16	10551
18.0000	0.15000001	20	35	10551
19.4500	0.0	40	44	10551
36.0000	0.0	18	69	10552
7.7500	0.0	30	75	10552
21.0000	0.0	15	11	10553
17.4500	0.0	14	16	10553
21.0000	0.0	24	22	10553
12.5000	0.0	30	31	10553
18.0000	0.0	6	35	10553
17.4500	5.0000001E-2	30	16	10554
9.0000	5.0000001E-2	20	23	10554
49.3000	5.0000001E-2	20	62	10554
13.0000	5.0000001E-2	10	77	10554
23.2500	0.2	30	14	10555
9.2000	0.2	35	19	10555
4.5000	0.2	18	24	10555
53.0000	0.2	20	51	10555
38.0000	0.2	40	56	10555
34.8000	0.0	24	72	10556
33.2500	0.0	30	64	10557
7.7500	0.0	20	75	10557
9.5000	0.0	25	47	10558
53.0000	0.0	20	51	10558
7.0000	0.0	30	52	10558
32.8000	0.0	18	53	10558
15.0000	0.0	3	73	10558
9.6500	5.0000001E-2	12	41	10559
24.0000	5.0000001E-2	18	55	10559
25.8900	0.0	20	30	10560
49.3000	0.25	15	62	10560
19.4500	0.0	10	44	10561
53.0000	0.0	50	51	10561
2.5000	0.1	20	33	10562
49.3000	0.1	10	62	10562
19.0000	0.0	25	36	10563
7.0000	0.0	70	52	10563
39.0000	5.0000001E-2	16	17	10564
12.5000	5.0000001E-2	6	31	10564
24.0000	5.0000001E-2	25	55	10564
4.5000	0.1	25	24	10565
33.2500	0.1	18	64	10565
21.0000	0.15000001	35	11	10566
62.5000	0.15000001	18	18	10566
18.0000	0.0	10	76	10566
12.5000	0.2	60	31	10567
53.0000	0.0	3	51	10567
55.0000	0.2	40	59	10567
31.0000	0.0	5	10	10568
12.5000	0.2	35	31	10569
18.0000	0.0	30	76	10569
21.0000	5.0000001E-2	15	11	10570
38.0000	5.0000001E-2	60	56	10570
23.2500	0.15000001	11	14	10571
14.0000	0.15000001	28	42	10571
17.4500	0.1	12	16	10572
32.0000	0.1	10	32	10572
18.4000	0.0	50	40	10572
7.7500	0.1	15	75	10572
39.0000	0.0	18	17	10573
14.0000	0.0	40	34	10573
32.8000	0.0	25	53	10573
2.5000	0.0	14	33	10574
18.4000	0.0	2	40	10574
49.3000	0.0	10	62	10574
33.2500	0.0	6	64	10574
55.0000	0.0	12	59	10575
43.9000	0.0	6	63	10575
34.8000	0.0	30	72	10575
18.0000	0.0	10	76	10575
18.0000	0.0	10	1	10576
12.5000	0.0	20	31	10576
19.4500	0.0	21	44	10576
18.0000	0.0	10	39	10577
7.7500	0.0	20	75	10577
13.0000	0.0	18	77	10577
18.0000	0.0	20	35	10578
19.5000	0.0	6	57	10578
15.5000	0.0	10	15	10579
7.7500	0.0	21	75	10579
23.2500	5.0000001E-2	15	14	10580
9.6500	5.0000001E-2	9	41	10580
21.0500	5.0000001E-2	30	65	10580
7.7500	0.2	50	75	10581
19.5000	0.0	4	57	10582
18.0000	0.0	14	76	10582
123.7900	0.0	10	29	10583
34.0000	0.15000001	24	60	10583
36.0000	0.15000001	10	69	10583
12.5000	5.0000001E-2	50	31	10584
9.5000	0.0	15	47	10585
7.0000	0.15000001	4	52	10586
31.2300	0.0	6	26	10587
18.0000	0.0	20	35	10587
13.0000	0.0	20	77	10587
62.5000	0.2	40	18	10588
14.0000	0.2	100	42	10588
18.0000	0.0	4	35	10589
18.0000	0.0	20	1	10590
13.0000	5.0000001E-2	60	77	10590
10.0000	0.0	14	3	10591
30.0000	0.0	10	7	10591
7.4500	0.0	50	54	10591
15.5000	5.0000001E-2	25	15	10592
31.2300	5.0000001E-2	5	26	10592
81.0000	0.2	21	20	10593
36.0000	0.2	20	69	10593
18.0000	0.2	4	76	10593
7.0000	0.0	24	52	10594
13.2500	0.0	30	58	10594
18.0000	0.25	30	35	10595
28.5000	0.25	120	61	10595
36.0000	0.25	65	69	10595
38.0000	0.2	5	56	10596
43.9000	0.2	24	63	10596
7.7500	0.2	30	75	10596
4.5000	0.2	35	24	10597
19.5000	0.0	20	57	10597
21.0500	0.2	12	65	10597
43.9000	0.0	50	27	10598
21.5000	0.0	9	71	10598
49.3000	0.0	10	62	10599
7.4500	0.0	4	54	10600
15.0000	0.0	30	73	10600
6.0000	0.0	60	13	10601
55.0000	0.0	35	59	10601
13.0000	0.25	5	77	10602
21.0000	0.0	48	22	10603
20.0000	5.0000001E-2	25	49	10603
12.7500	0.1	6	48	10604
18.0000	0.1	10	76	10604
17.4500	5.0000001E-2	30	16	10605
55.0000	5.0000001E-2	20	59	10605
34.0000	5.0000001E-2	70	60	10605
21.5000	5.0000001E-2	15	71	10605
22.0000	0.2	20	4	10606
24.0000	0.2	20	55	10606
49.3000	0.2	10	62	10606
30.0000	0.0	45	7	10607
39.0000	0.0	100	17	10607
2.5000	0.0	14	33	10607
18.4000	0.0	42	40	10607
34.8000	0.0	12	72	10607
38.0000	0.0	28	56	10608
18.0000	0.0	3	1	10609
31.0000	0.0	10	10	10609
10.0000	0.0	6	21	10609
19.0000	0.25	21	36	10610
18.0000	0.0	6	1	10611
19.0000	0.0	10	2	10611
34.0000	0.0	15	60	10611
31.0000	0.0	70	10	10612
19.0000	0.0	55	36	10612
20.0000	0.0	18	49	10612
34.0000	0.0	40	60	10612
18.0000	0.0	80	76	10612
6.0000	0.1	8	13	10613
7.7500	0.0	40	75	10613
21.0000	0.0	14	11	10614
10.0000	0.0	8	21	10614
18.0000	0.0	5	39	10614
24.0000	0.0	5	55	10615
263.5000	5.0000001E-2	15	38	10616
38.0000	0.0	14	56	10616
15.0000	5.0000001E-2	15	70	10616
21.5000	5.0000001E-2	15	71	10616
55.0000	0.15000001	30	59	10617
25.0000	0.0	70	6	10618
38.0000	0.0	20	56	10618
12.5000	0.0	15	68	10618
10.0000	0.0	42	21	10619
21.0000	0.0	40	22	10619
4.5000	0.0	5	24	10620
7.0000	0.0	5	52	10620
9.2000	0.0	5	19	10621
9.0000	0.0	10	23	10621
15.0000	0.0	20	70	10621
21.5000	0.0	15	71	10621
19.0000	0.0	20	2	10622
12.5000	0.2	18	68	10622
23.2500	0.0	21	14	10623
9.2000	0.1	15	19	10623
10.0000	0.1	25	21	10623
4.5000	0.0	3	24	10623
18.0000	0.1	30	35	10623
45.6000	0.0	10	28	10624
123.7900	0.0	6	29	10624
19.4500	0.0	10	44	10624
23.2500	0.0	3	14	10625
14.0000	0.0	5	42	10625
34.0000	0.0	10	60	10625
32.8000	0.0	12	53	10626
34.0000	0.0	20	60	10626
21.5000	0.0	20	71	10626
49.3000	0.0	15	62	10627
15.0000	0.15000001	35	73	10627
18.0000	0.0	25	1	10628
123.7900	0.0	20	29	10629
33.2500	0.0	9	64	10629
24.0000	5.0000001E-2	12	55	10630
18.0000	0.0	35	76	10630
7.7500	0.1	8	75	10631
19.0000	5.0000001E-2	30	2	10632
2.5000	5.0000001E-2	20	33	10632
38.0000	0.15000001	36	12	10633
6.0000	0.15000001	13	13	10633
31.2300	0.15000001	35	26	10633
49.3000	0.15000001	80	62	10633
30.0000	0.0	35	7	10634
62.5000	0.0	50	18	10634
53.0000	0.0	15	51	10634
7.7500	0.0	2	75	10634
22.0000	0.1	10	4	10635
21.3500	0.1	15	5	10635
21.0000	0.0	40	22	10635
22.0000	0.0	25	4	10636
13.2500	0.0	6	58	10636
21.0000	0.0	10	11	10637
16.2500	5.0000001E-2	25	50	10637
38.0000	5.0000001E-2	60	56	10637
9.5000	0.0	20	45	10638
21.0500	0.0	21	65	10638
34.8000	0.0	60	72	10638
62.5000	0.0	8	18	10639
36.0000	0.25	20	69	10640
15.0000	0.25	15	70	10640
19.0000	0.0	50	2	10641
18.4000	0.0	60	40	10641
10.0000	0.2	30	21	10642
28.5000	0.2	20	61	10642
45.6000	0.25	15	28	10643
18.0000	0.25	21	39	10643
12.0000	0.25	2	46	10643
62.5000	0.1	4	18	10644
46.0000	0.0	20	43	10644
12.0000	0.1	21	46	10644
62.5000	0.0	20	18	10645
19.0000	0.0	15	36	10645
18.0000	0.25	15	1	10646
31.0000	0.25	18	10	10646
21.5000	0.25	30	71	10646
13.0000	0.25	35	77	10646
9.2000	0.0	30	19	10647
18.0000	0.0	20	39	10647
21.0000	0.0	15	22	10648
4.5000	0.15000001	15	24	10648
45.6000	0.0	20	28	10649
34.8000	0.0	15	72	10649
25.8900	0.0	30	30	10650
32.8000	5.0000001E-2	25	53	10650
7.4500	0.0	30	54	10650
9.2000	0.25	12	19	10651
21.0000	0.25	20	22	10651
25.8900	0.25	2	30	10652
14.0000	0.0	20	42	10652
17.4500	0.1	30	16	10653
34.0000	0.1	20	60	10653
22.0000	0.1	12	4	10654
18.0000	0.1	20	39	10654
7.4500	0.1	6	54	10654
9.6500	0.2	20	41	10655
23.2500	0.1	3	14	10656
19.4500	0.1	28	44	10656
9.5000	0.1	6	47	10656
15.5000	0.0	50	15	10657
9.6500	0.0	24	41	10657
12.0000	0.0	45	46	10657
9.5000	0.0	10	47	10657
38.0000	0.0	45	56	10657
34.0000	0.0	30	60	10657
10.0000	0.0	60	21	10658
18.4000	5.0000001E-2	70	40	10658
34.0000	5.0000001E-2	55	60	10658
13.0000	5.0000001E-2	70	77	10658
12.5000	5.0000001E-2	20	31	10659
18.4000	5.0000001E-2	24	40	10659
15.0000	5.0000001E-2	40	70	10659
81.0000	0.0	21	20	10660
18.0000	0.2	3	39	10661
13.2500	0.2	49	58	10661
12.5000	0.0	10	68	10662
18.4000	5.0000001E-2	30	40	10663
14.0000	5.0000001E-2	30	42	10663
53.0000	5.0000001E-2	20	51	10663
31.0000	0.15000001	24	10	10664
38.0000	0.15000001	12	56	10664
21.0500	0.15000001	15	65	10664
53.0000	0.0	20	51	10665
55.0000	0.0	1	59	10665
18.0000	0.0	10	76	10665
123.7900	0.0	36	29	10666
21.0500	0.0	10	65	10666
36.0000	0.2	45	69	10667
21.5000	0.2	14	71	10667
12.5000	0.1	8	31	10668
24.0000	0.1	4	55	10668
33.2500	0.1	15	64	10668
19.0000	0.0	30	36	10669
9.0000	0.0	32	23	10670
12.0000	0.0	60	46	10670
14.0000	0.0	25	67	10670
15.0000	0.0	50	73	10670
7.7500	0.0	25	75	10670
17.4500	0.0	10	16	10671
49.3000	0.0	10	62	10671
21.0500	0.0	12	65	10671
263.5000	0.1	15	38	10672
21.5000	0.0	12	71	10672
17.4500	0.0	3	16	10673
14.0000	0.0	6	42	10673
46.0000	0.0	6	43	10673
9.0000	0.0	5	23	10674
23.2500	0.0	30	14	10675
32.8000	0.0	10	53	10675
13.2500	0.0	30	58	10675
31.0000	0.0	2	10	10676
9.2000	0.0	7	19	10676
19.4500	0.0	21	44	10676
31.2300	0.15000001	30	26	10677
2.5000	0.15000001	8	33	10677
38.0000	0.0	100	12	10678
2.5000	0.0	30	33	10678
9.6500	0.0	120	41	10678
7.4500	0.0	30	54	10678
55.0000	0.0	12	59	10679
17.4500	0.25	50	16	10680
12.5000	0.25	20	31	10680
14.0000	0.25	40	42	10680
9.2000	0.1	30	19	10681
10.0000	0.1	12	21	10681
33.2500	0.0	28	64	10681
2.5000	0.0	30	33	10682
17.0000	0.0	4	66	10682
7.7500	0.0	30	75	10682
7.0000	0.0	9	52	10683
18.4000	0.0	20	40	10684
9.5000	0.0	40	47	10684
34.0000	0.0	30	60	10684
31.0000	0.0	20	10	10685
9.6500	0.0	4	41	10685
9.5000	0.0	15	47	10685
39.0000	0.2	30	17	10686
31.2300	0.0	15	26	10686
97.0000	0.25	50	9	10687
123.7900	0.0	10	29	10687
19.0000	0.25	6	36	10687
31.0000	0.1	18	10	10688
45.6000	0.1	60	28	10688
14.0000	0.0	14	34	10688
18.0000	0.25	35	1	10689
38.0000	0.25	20	56	10690
13.0000	0.25	30	77	10690
18.0000	0.0	30	1	10691
123.7900	0.0	40	29	10691
46.0000	0.0	40	43	10691
19.4500	0.0	24	44	10691
49.3000	0.0	48	62	10691
43.9000	0.0	20	63	10692
97.0000	0.0	6	9	10693
7.4500	0.15000001	60	54	10693
36.0000	0.15000001	30	69	10693
15.0000	0.15000001	15	73	10693
30.0000	0.0	90	7	10694
55.0000	0.0	25	59	10694
15.0000	0.0	50	70	10694
40.0000	0.0	10	8	10695
38.0000	0.0	4	12	10695
4.5000	0.0	20	24	10695
39.0000	0.0	20	17	10696
12.0000	0.0	18	46	10696
9.2000	0.25	7	19	10697
18.0000	0.25	9	35	10697
13.2500	0.25	30	58	10697
15.0000	0.25	30	70	10697
21.0000	0.0	15	11	10698
39.0000	5.0000001E-2	8	17	10698
123.7900	5.0000001E-2	12	29	10698
21.0500	5.0000001E-2	65	65	10698
15.0000	5.0000001E-2	8	70	10698
9.5000	0.0	12	47	10699
18.0000	0.2	5	1	10700
14.0000	0.2	12	34	10700
12.5000	0.2	40	68	10700
21.5000	0.2	60	71	10700
55.0000	0.15000001	42	59	10701
21.5000	0.15000001	20	71	10701
18.0000	0.15000001	35	76	10701
10.0000	0.0	6	3	10702
18.0000	0.0	15	76	10702
19.0000	0.0	5	2	10703
55.0000	0.0	35	59	10703
15.0000	0.0	35	73	10703
22.0000	0.0	6	4	10704
4.5000	0.0	35	24	10704
12.7500	0.0	24	48	10704
12.5000	0.0	20	31	10705
32.0000	0.0	4	32	10705
17.4500	0.0	20	16	10706
46.0000	0.0	24	43	10706
55.0000	0.0	8	59	10706
24.0000	0.0	21	55	10707
19.5000	0.0	40	57	10707
15.0000	0.15000001	28	70	10707
21.3500	0.0	4	5	10708
19.0000	0.0	5	36	10708
40.0000	0.0	40	8	10709
53.0000	0.0	28	51	10709
34.0000	0.0	10	60	10709
9.2000	0.0	5	19	10710
9.5000	0.0	5	47	10710
9.2000	0.0	12	19	10711
9.6500	0.0	42	41	10711
32.8000	0.0	120	53	10711
32.8000	5.0000001E-2	3	53	10712
38.0000	0.0	30	56	10712
31.0000	0.0	18	10	10713
31.2300	0.0	30	26	10713
9.5000	0.0	110	45	10713
12.0000	0.0	24	46	10713
19.0000	0.25	30	2	10714
39.0000	0.25	27	17	10714
9.5000	0.25	50	47	10714
38.0000	0.25	18	56	10714
13.2500	0.25	12	58	10714
31.0000	0.0	21	10	10715
21.5000	0.0	30	71	10715
10.0000	0.0	5	21	10716
53.0000	0.0	7	51	10716
28.5000	0.0	10	61	10716
10.0000	5.0000001E-2	32	21	10717
7.4500	0.0	15	54	10717
36.0000	5.0000001E-2	25	69	10717
38.0000	0.0	36	12	10718
17.4500	0.0	20	16	10718
19.0000	0.0	40	36	10718
49.3000	0.0	20	62	10718
62.5000	0.25	12	18	10719
25.8900	0.25	3	30	10719
7.4500	0.25	40	54	10719
18.0000	0.0	21	35	10720
21.5000	0.0	8	71	10720
19.4500	5.0000001E-2	50	44	10721
19.0000	0.0	3	2	10722
12.5000	0.0	50	31	10722
12.5000	0.0	45	68	10722
7.7500	0.0	42	75	10722
31.2300	0.0	15	26	10723
31.0000	0.0	16	10	10724
28.5000	0.0	5	61	10724
9.6500	0.0	12	41	10725
7.0000	0.0	4	52	10725
24.0000	0.0	6	55	10725
22.0000	0.0	25	4	10726
21.0000	0.0	5	11	10726
39.0000	5.0000001E-2	20	17	10727
38.0000	5.0000001E-2	10	56	10727
55.0000	5.0000001E-2	10	59	10727
25.8900	0.0	15	30	10728
18.4000	0.0	6	40	10728
24.0000	0.0	12	55	10728
34.0000	0.0	15	60	10728
18.0000	0.0	50	1	10729
10.0000	0.0	30	21	10729
16.2500	0.0	40	50	10729
17.4500	5.0000001E-2	15	16	10730
12.5000	5.0000001E-2	3	31	10730
21.0500	5.0000001E-2	10	65	10730
10.0000	5.0000001E-2	40	21	10731
53.0000	5.0000001E-2	30	51	10731
18.0000	0.0	20	76	10732
23.2500	0.0	16	14	10733
45.6000	0.0	20	28	10733
7.0000	0.0	25	52	10733
25.0000	0.0	30	6	10734
25.8900	0.0	15	30	10734
18.0000	0.0	20	76	10734
28.5000	0.1	20	61	10735
13.0000	0.1	2	77	10735
21.0500	0.0	40	65	10736
7.7500	0.0	20	75	10736
6.0000	0.0	4	13	10737
9.6500	0.0	12	41	10737
17.4500	0.0	3	16	10738
19.0000	0.0	6	36	10739
7.0000	0.0	18	52	10739
45.6000	0.2	5	28	10740
18.0000	0.2	35	35	10740
9.5000	0.2	40	45	10740
38.0000	0.2	14	56	10740
19.0000	0.2	15	2	10741
10.0000	0.0	20	3	10742
34.0000	0.0	50	60	10742
34.8000	0.0	35	72	10742
12.0000	5.0000001E-2	28	46	10743
18.4000	0.2	50	40	10744
62.5000	0.0	24	18	10745
19.4500	0.0	16	44	10745
55.0000	0.0	45	59	10745
34.8000	0.0	7	72	10745
6.0000	0.0	6	13	10746
14.0000	0.0	28	42	10746
49.3000	0.0	9	62	10746
36.0000	0.0	40	69	10746
12.5000	0.0	8	31	10747
9.6500	0.0	35	41	10747
43.9000	0.0	9	63	10747
36.0000	0.0	30	69	10747
9.0000	0.0	44	23	10748
18.4000	0.0	40	40	10748
38.0000	0.0	28	56	10748
38.0000	0.0	15	56	10749
55.0000	0.0	6	59	10749
18.0000	0.0	10	76	10749
23.2500	0.15000001	5	14	10750
9.5000	0.15000001	40	45	10750
55.0000	0.15000001	25	59	10750
31.2300	0.1	12	26	10751
25.8900	0.0	30	30	10751
16.2500	0.1	20	50	10751
15.0000	0.0	15	73	10751
18.0000	0.0	8	1	10752
36.0000	0.0	3	69	10752
9.5000	0.0	4	45	10753
10.0000	0.0	5	74	10753
18.4000	0.0	3	40	10754
9.5000	0.25	30	47	10755
38.0000	0.25	30	56	10755
19.5000	0.25	14	57	10755
36.0000	0.25	25	69	10755
62.5000	0.2	21	18	10756
19.0000	0.2	20	36	10756
12.5000	0.2	6	68	10756
36.0000	0.2	20	69	10756
14.0000	0.0	30	34	10757
55.0000	0.0	7	59	10757
49.3000	0.0	30	62	10757
33.2500	0.0	24	64	10757
31.2300	0.0	20	26	10758
7.0000	0.0	60	52	10758
15.0000	0.0	40	70	10758
32.0000	0.0	10	32	10759
14.0000	0.25	12	25	10760
43.9000	0.0	40	27	10760
46.0000	0.25	30	43	10760
14.0000	0.25	35	25	10761
7.7500	0.0	18	75	10761
18.0000	0.0	16	39	10762
9.5000	0.0	30	47	10762
53.0000	0.0	28	51	10762
38.0000	0.0	60	56	10762
10.0000	0.0	40	21	10763
21.0000	0.0	6	22	10763
4.5000	0.0	20	24	10763
10.0000	0.1	20	3	10764
18.0000	0.1	130	39	10764
21.0500	0.1	80	65	10765
19.0000	0.0	40	2	10766
30.0000	0.0	35	7	10766
12.5000	0.0	40	68	10766
14.0000	0.0	2	42	10767
21.0000	0.0	4	22	10768
12.5000	0.0	50	31	10768
34.0000	0.0	15	60	10768
21.5000	0.0	12	71	10768
9.6500	5.0000001E-2	30	41	10769
7.0000	5.0000001E-2	15	52	10769
28.5000	0.0	20	61	10769
49.3000	0.0	15	62	10769
21.0000	0.25	15	11	10770
21.5000	0.0	16	71	10771
123.7900	0.0	18	29	10772
55.0000	0.0	25	59	10772
39.0000	0.0	33	17	10773
12.5000	0.2	70	31	10773
7.7500	0.2	7	75	10773
12.5000	0.25	2	31	10774
17.0000	0.0	50	66	10774
31.0000	0.0	6	10	10775
14.0000	0.0	3	67	10775
12.5000	5.0000001E-2	16	31	10776
14.0000	5.0000001E-2	12	42	10776
9.5000	5.0000001E-2	27	45	10776
53.0000	5.0000001E-2	120	51	10776
14.0000	0.2	20	42	10777
9.6500	0.0	10	41	10778
17.4500	0.0	20	16	10779
49.3000	0.0	20	62	10779
15.0000	0.0	35	70	10780
13.0000	0.0	15	77	10780
7.4500	0.2	3	54	10781
38.0000	0.2	20	56	10781
10.0000	0.0	35	74	10781
12.5000	0.0	1	31	10782
12.5000	0.0	10	31	10783
263.5000	0.0	5	38	10783
19.0000	0.0	30	36	10784
18.0000	0.15000001	2	39	10784
34.8000	0.15000001	30	72	10784
31.0000	0.0	10	10	10785
7.7500	0.0	10	75	10785
40.0000	0.2	30	8	10786
25.8900	0.2	15	30	10786
7.7500	0.2	42	75	10786
19.0000	5.0000001E-2	15	2	10787
123.7900	5.0000001E-2	20	29	10787
9.2000	5.0000001E-2	50	19	10788
7.7500	5.0000001E-2	40	75	10788
62.5000	0.0	30	18	10789
18.0000	0.0	15	35	10789
43.9000	0.0	30	63	10789
12.5000	0.0	18	68	10789
30.0000	0.15000001	3	7	10790
38.0000	0.15000001	20	56	10790
123.7900	5.0000001E-2	14	29	10791
9.6500	5.0000001E-2	20	41	10791
19.0000	0.0	10	2	10792
7.4500	0.0	3	54	10792
12.5000	0.0	15	68	10792
9.6500	0.0	14	41	10793
7.0000	0.0	8	52	10793
23.2500	0.2	15	14	10794
7.4500	0.2	6	54	10794
17.4500	0.0	65	16	10795
39.0000	0.25	35	17	10795
31.2300	0.2	21	26	10796
19.4500	0.0	10	44	10796
33.2500	0.2	35	64	10796
36.0000	0.2	24	69	10796
21.0000	0.0	20	11	10797
49.3000	0.0	2	62	10798
34.8000	0.0	10	72	10798
6.0000	0.15000001	20	13	10799
4.5000	0.15000001	20	24	10799
55.0000	0.0	25	59	10799
21.0000	0.1	50	11	10800
53.0000	0.1	10	51	10800
7.4500	0.1	7	54	10800
39.0000	0.25	40	17	10801
123.7900	0.25	20	29	10801
25.8900	0.25	25	30	10802
53.0000	0.25	30	51	10802
24.0000	0.25	60	55	10802
49.3000	0.25	5	62	10802
9.2000	5.0000001E-2	24	19	10803
14.0000	5.0000001E-2	15	25	10803
55.0000	5.0000001E-2	15	59	10803
31.0000	0.0	36	10	10804
45.6000	0.0	24	28	10804
20.0000	0.15000001	4	49	10804
14.0000	0.0	10	34	10805
263.5000	0.0	10	38	10805
19.0000	0.25	20	2	10806
21.0500	0.0	2	65	10806
10.0000	0.25	15	74	10806
18.4000	0.0	1	40	10807
38.0000	0.15000001	20	56	10808
18.0000	0.15000001	50	76	10808
7.0000	0.0	20	52	10809
6.0000	0.0	7	13	10810
14.0000	0.0	5	25	10810
15.0000	0.0	5	70	10810
9.2000	0.0	15	19	10811
9.0000	0.0	18	23	10811
18.4000	0.0	30	40	10811
12.5000	0.1	16	31	10812
34.8000	0.1	40	72	10812
13.0000	0.0	20	77	10812
19.0000	0.2	12	2	10813
12.0000	0.0	35	46	10813
9.6500	0.0	20	41	10814
46.0000	0.15000001	20	43	10814
12.7500	0.15000001	8	48	10814
28.5000	0.15000001	30	61	10814
2.5000	0.0	16	33	10815
263.5000	5.0000001E-2	30	38	10816
49.3000	5.0000001E-2	20	62	10816
31.2300	0.15000001	40	26	10817
263.5000	0.0	30	38	10817
18.4000	0.15000001	60	40	10817
49.3000	0.15000001	25	62	10817
32.0000	0.0	20	32	10818
9.6500	0.0	20	41	10818
46.0000	0.0	7	43	10819
7.7500	0.0	20	75	10819
38.0000	0.0	30	56	10820
18.0000	0.0	20	35	10821
53.0000	0.0	6	51	10821
49.3000	0.0	3	62	10822
15.0000	0.0	6	70	10822
21.0000	0.1	20	11	10823
19.5000	0.0	15	57	10823
55.0000	0.1	40	59	10823
13.0000	0.1	15	77	10823
9.6500	0.0	12	41	10824
15.0000	0.0	9	70	10824
31.2300	0.0	12	26	10825
32.8000	0.0	20	53	10825
12.5000	0.0	35	31	10826
19.5000	0.0	15	57	10826
31.0000	0.0	15	10	10827
18.0000	0.0	21	39	10827
81.0000	0.0	5	20	10828
263.5000	0.0	2	38	10828
19.0000	0.0	10	2	10829
40.0000	0.0	20	8	10829
6.0000	0.0	10	13	10829
34.0000	0.0	21	60	10829
25.0000	0.0	6	6	10830
18.0000	0.0	28	39	10830
34.0000	0.0	30	60	10830
12.5000	0.0	24	68	10830
9.2000	0.0	2	19	10831
18.0000	0.0	8	35	10831
263.5000	0.0	8	38	10831
46.0000	0.0	9	43	10831
6.0000	0.2	3	13	10832
14.0000	0.2	10	25	10832
19.4500	0.2	16	44	10832
33.2500	0.0	3	64	10832
30.0000	0.1	20	7	10833
12.5000	0.1	9	31	10833
32.8000	0.1	9	53	10833
123.7900	5.0000001E-2	8	29	10834
25.8900	5.0000001E-2	20	30	10834
55.0000	0.0	15	59	10835
13.0000	0.2	2	77	10835
21.0000	0.0	52	22	10836
18.0000	0.0	6	35	10836
19.5000	0.0	24	57	10836
34.0000	0.0	60	60	10836
33.2500	0.0	30	64	10836
6.0000	0.0	6	13	10837
18.4000	0.0	25	40	10837
9.5000	0.25	40	47	10837
18.0000	0.25	21	76	10837
18.0000	0.25	4	1	10838
62.5000	0.25	25	18	10838
19.0000	0.25	50	36	10838
13.2500	0.1	30	58	10839
34.8000	0.1	15	72	10839
14.0000	0.2	6	25	10840
18.0000	0.2	10	39	10840
31.0000	0.0	16	10	10841
38.0000	0.0	30	56	10841
55.0000	0.0	50	59	10841
13.0000	0.0	15	77	10841
21.0000	0.0	15	11	10842
46.0000	0.0	5	43	10842
12.5000	0.0	20	68	10842
15.0000	0.0	12	70	10842
53.0000	0.25	4	51	10843
21.0000	0.0	35	22	10844
9.0000	0.1	70	23	10845
18.0000	0.1	25	35	10845
14.0000	0.1	42	42	10845
13.2500	0.1	60	58	10845
33.2500	0.0	48	64	10845
22.0000	0.0	21	4	10846
15.0000	0.0	30	70	10846
10.0000	0.0	20	74	10846
18.0000	0.2	80	1	10847
9.2000	0.2	12	19	10847
26.0000	0.2	60	37	10847
9.5000	0.2	36	45	10847
34.0000	0.2	45	60	10847
21.5000	0.2	55	71	10847
21.3500	0.0	30	5	10848
97.0000	0.0	3	9	10848
10.0000	0.0	49	3	10849
31.2300	0.15000001	18	26	10849
14.0000	0.15000001	20	25	10850
2.5000	0.15000001	4	33	10850
15.0000	0.15000001	30	70	10850
19.0000	5.0000001E-2	5	2	10851
14.0000	5.0000001E-2	10	25	10851
19.5000	5.0000001E-2	10	57	10851
55.0000	5.0000001E-2	42	59	10851
19.0000	0.0	15	2	10852
39.0000	0.0	6	17	10852
49.3000	0.0	50	62	10852
62.5000	0.0	10	18	10853
31.0000	0.15000001	100	10	10854
6.0000	0.15000001	65	13	10854
17.4500	0.0	50	16	10855
12.5000	0.0	14	31	10855
38.0000	0.0	24	56	10855
21.0500	0.15000001	15	65	10855
19.0000	0.0	20	2	10856
14.0000	0.0	20	42	10856
10.0000	0.0	30	3	10857
31.2300	0.25	35	26	10857
123.7900	0.25	10	29	10857
30.0000	0.0	5	7	10858
43.9000	0.0	10	27	10858
15.0000	0.0	4	70	10858
4.5000	0.25	40	24	10859
7.4500	0.25	35	54	10859
33.2500	0.25	30	64	10859
53.0000	0.0	3	51	10860
18.0000	0.0	20	76	10860
39.0000	0.0	42	17	10861
62.5000	0.0	20	18	10861
10.0000	0.0	40	21	10861
2.5000	0.0	35	33	10861
49.3000	0.0	3	62	10861
21.0000	0.0	25	11	10862
7.0000	0.0	8	52	10862
18.0000	0.15000001	20	1	10863
13.2500	0.15000001	12	58	10863
18.0000	0.0	4	35	10864
14.0000	0.0	15	67	10864
263.5000	5.0000001E-2	60	38	10865
18.0000	5.0000001E-2	80	39	10865
19.0000	0.25	21	2	10866
4.5000	0.25	6	24	10866
25.8900	0.25	40	30	10866
32.8000	0.0	3	53	10867
31.2300	0.0	20	26	10868
18.0000	0.0	30	35	10868
20.0000	0.1	42	49	10868
18.0000	0.0	40	1	10869
21.0000	0.0	10	11	10869
9.0000	0.0	50	23	10869
12.5000	0.0	20	68	10869
18.0000	0.0	3	35	10870
53.0000	0.0	2	51	10870
25.0000	5.0000001E-2	50	6	10871
17.4500	5.0000001E-2	12	16	10871
39.0000	5.0000001E-2	16	17	10871
24.0000	5.0000001E-2	10	55	10872
49.3000	5.0000001E-2	20	62	10872
33.2500	5.0000001E-2	15	64	10872
21.0500	5.0000001E-2	21	65	10872
10.0000	0.0	20	21	10873
45.6000	0.0	3	28	10873
31.0000	0.0	10	10	10874
9.2000	0.0	25	19	10875
9.5000	0.1	21	47	10875
20.0000	0.0	15	49	10875
12.0000	0.0	21	46	10876
33.2500	0.0	20	64	10876
17.4500	0.25	30	16	10877
62.5000	0.0	25	18	10877
81.0000	5.0000001E-2	20	20	10878
18.4000	0.0	12	40	10879
21.0500	0.0	10	65	10879
18.0000	0.0	10	76	10879
9.0000	0.2	30	23	10880
28.5000	0.2	30	61	10880
15.0000	0.2	50	70	10880
15.0000	0.0	10	73	10881
14.0000	0.0	25	42	10882
20.0000	0.15000001	20	49	10882
7.4500	0.15000001	32	54	10882
4.5000	0.0	8	24	10883
10.0000	5.0000001E-2	40	21	10884
38.0000	5.0000001E-2	21	56	10884
21.0500	5.0000001E-2	12	65	10884
19.0000	0.0	20	2	10885
4.5000	0.0	12	24	10885
15.0000	0.0	30	70	10885
13.0000	0.0	25	77	10885
31.0000	0.0	70	10	10886
12.5000	0.0	35	31	10886
13.0000	0.0	40	77	10886
14.0000	0.0	5	25	10887
19.0000	0.0	20	2	10888
12.5000	0.0	18	68	10888
21.0000	0.0	40	11	10889
263.5000	0.0	40	38	10889
39.0000	0.0	15	17	10890
14.0000	0.0	10	34	10890
9.6500	0.0	14	41	10890
25.8900	5.0000001E-2	15	30	10891
55.0000	5.0000001E-2	40	59	10892
40.0000	0.0	30	8	10893
4.5000	0.0	10	24	10893
123.7900	0.0	24	29	10893
25.8900	0.0	35	30	10893
19.0000	0.0	20	36	10893
6.0000	5.0000001E-2	28	13	10894
36.0000	5.0000001E-2	50	69	10894
7.7500	5.0000001E-2	120	75	10894
4.5000	0.0	110	24	10895
18.0000	0.0	45	39	10895
18.4000	0.0	91	40	10895
34.0000	0.0	100	60	10895
9.5000	0.0	15	45	10896
38.0000	0.0	16	56	10896
123.7900	0.0	80	29	10897
25.8900	0.0	36	30	10897
6.0000	0.0	5	13	10898
18.0000	0.15000001	8	39	10899
15.0000	0.25	3	70	10900
9.6500	0.0	30	41	10901
21.5000	0.0	30	71	10901
24.0000	0.15000001	30	55	10902
49.3000	0.15000001	6	62	10902
6.0000	0.0	40	13	10903
21.0500	0.0	21	65	10903
12.5000	0.0	20	68	10903
13.2500	0.0	15	58	10904
49.3000	0.0	35	62	10904
18.0000	5.0000001E-2	20	1	10905
28.5000	0.0	15	61	10906
7.7500	0.0	14	75	10907
30.0000	5.0000001E-2	20	7	10908
7.0000	5.0000001E-2	14	52	10908
30.0000	0.0	12	7	10909
17.4500	0.0	15	16	10909
9.6500	0.0	5	41	10909
9.2000	0.0	12	19	10910
20.0000	0.0	10	49	10910
28.5000	0.0	5	61	10910
18.0000	0.0	10	1	10911
39.0000	0.0	12	17	10911
14.0000	0.0	15	67	10911
21.0000	0.25	40	11	10912
123.7900	0.25	60	29	10912
22.0000	0.25	30	4	10913
2.5000	0.25	40	33	10913
13.2500	0.0	15	58	10913
21.5000	0.0	25	71	10914
39.0000	0.0	10	17	10915
2.5000	0.0	30	33	10915
7.4500	0.0	10	54	10915
17.4500	0.0	6	16	10916
32.0000	0.0	6	32	10916
19.5000	0.0	20	57	10916
25.8900	0.0	1	30	10917
34.0000	0.0	10	60	10917
18.0000	0.25	60	1	10918
34.0000	0.25	25	60	10918
17.4500	0.0	24	16	10919
14.0000	0.0	24	25	10919
18.4000	0.0	20	40	10919
16.2500	0.0	24	50	10920
18.0000	0.0	10	35	10921
43.9000	0.0	40	63	10921
39.0000	0.0	15	17	10922
4.5000	0.0	35	24	10922
14.0000	0.2	10	42	10923
46.0000	0.2	10	43	10923
14.0000	0.2	24	67	10923
31.0000	0.1	20	10	10924
45.6000	0.1	30	28	10924
7.7500	0.0	6	75	10924
19.0000	0.15000001	25	36	10925
7.0000	0.15000001	12	52	10925
21.0000	0.0	2	11	10926
6.0000	0.0	10	13	10926
9.2000	0.0	7	19	10926
34.8000	0.0	10	72	10926
81.0000	0.0	5	20	10927
7.0000	0.0	5	52	10927
18.0000	0.0	20	76	10927
9.5000	0.0	5	47	10928
18.0000	0.0	5	76	10928
10.0000	0.0	60	21	10929
7.7500	0.0	49	75	10929
13.0000	0.0	15	77	10929
10.0000	0.0	36	21	10930
43.9000	0.0	25	27	10930
24.0000	0.2	25	55	10930
13.2500	0.2	30	58	10930
6.0000	0.15000001	42	13	10931
19.5000	0.0	30	57	10931
17.4500	0.1	30	16	10932
49.3000	0.1	14	62	10932
34.8000	0.0	16	72	10932
7.7500	0.1	20	75	10932
32.8000	0.0	2	53	10933
28.5000	0.0	30	61	10933
25.0000	0.0	20	6	10934
18.0000	0.0	21	1	10935
62.5000	0.25	4	18	10935
9.0000	0.25	8	23	10935
19.0000	0.2	30	36	10936
45.6000	0.0	8	28	10937
14.0000	0.0	20	34	10937
6.0000	0.25	20	13	10938
46.0000	0.25	24	43	10938
34.0000	0.25	49	60	10938
21.5000	0.25	35	71	10938
19.0000	0.15000001	10	2	10939
14.0000	0.15000001	40	67	10939
30.0000	0.0	8	7	10940
6.0000	0.0	20	13	10940
12.5000	0.25	44	31	10941
49.3000	0.25	30	62	10941
12.5000	0.25	80	68	10941
34.8000	0.0	50	72	10941
20.0000	0.0	28	49	10942
6.0000	0.0	15	13	10943
21.0000	0.0	21	22	10943
12.0000	0.0	15	46	10943
21.0000	0.25	5	11	10944
19.4500	0.25	18	44	10944
38.0000	0.0	18	56	10944
6.0000	0.0	20	13	10945
12.5000	0.0	10	31	10945
31.0000	0.0	25	10	10946
4.5000	0.0	25	24	10946
13.0000	0.0	40	77	10946
55.0000	0.0	4	59	10947
16.2500	0.0	9	50	10948
53.0000	0.0	40	51	10948
24.0000	0.0	4	55	10948
25.0000	0.0	12	6	10949
31.0000	0.0	30	10	10949
39.0000	0.0	6	17	10949
49.3000	0.0	60	62	10949
22.0000	0.0	5	4	10950
2.5000	5.0000001E-2	15	33	10951
9.6500	5.0000001E-2	6	41	10951
7.7500	5.0000001E-2	50	75	10951
25.0000	5.0000001E-2	16	6	10952
45.6000	0.0	2	28	10952
81.0000	5.0000001E-2	50	20	10953
12.5000	5.0000001E-2	50	31	10953
17.4500	0.15000001	28	16	10954
12.5000	0.15000001	25	31	10954
9.5000	0.0	30	45	10954
34.0000	0.15000001	24	60	10954
7.7500	0.2	12	75	10955
10.0000	0.0	12	21	10956
9.5000	0.0	14	47	10956
53.0000	0.0	8	51	10956
25.8900	0.0	30	30	10957
18.0000	0.0	40	35	10957
33.2500	0.0	8	64	10957
21.3500	0.0	20	5	10958
30.0000	0.0	6	7	10958
34.8000	0.0	5	72	10958
7.7500	0.15000001	20	75	10959
4.5000	0.25	10	24	10960
9.6500	0.0	24	41	10960
7.0000	5.0000001E-2	6	52	10961
18.0000	0.0	60	76	10961
30.0000	0.0	45	7	10962
6.0000	0.0	77	13	10962
32.8000	0.0	20	53	10962
36.0000	0.0	9	69	10962
18.0000	0.0	44	76	10962
34.0000	0.15000001	2	60	10963
62.5000	0.0	6	18	10964
263.5000	0.0	5	38	10964
36.0000	0.0	10	69	10964
53.0000	0.0	16	51	10965
26.0000	0.0	8	37	10966
38.0000	0.15000001	12	56	10966
49.3000	0.15000001	12	62	10966
9.2000	0.0	12	19	10967
20.0000	0.0	40	49	10967
38.0000	0.0	30	12	10968
4.5000	0.0	30	24	10968
33.2500	0.0	4	64	10968
12.0000	0.0	9	46	10969
7.0000	0.2	40	52	10970
123.7900	0.0	14	29	10971
39.0000	0.0	6	17	10972
2.5000	0.0	7	33	10972
31.2300	0.0	5	26	10973
9.6500	0.0	6	41	10973
7.7500	0.0	10	75	10973
43.9000	0.0	10	63	10974
40.0000	0.0	16	8	10975
7.7500	0.0	10	75	10975
45.6000	0.0	20	28	10976
18.0000	0.0	30	39	10977
9.5000	0.0	30	47	10977
53.0000	0.0	10	51	10977
43.9000	0.0	20	63	10977
40.0000	0.15000001	20	8	10978
10.0000	0.15000001	40	21	10978
18.4000	0.0	10	40	10978
19.4500	0.15000001	6	44	10978
30.0000	0.0	18	7	10979
38.0000	0.0	20	12	10979
4.5000	0.0	80	24	10979
43.9000	0.0	30	27	10979
12.5000	0.0	24	31	10979
43.9000	0.0	35	63	10979
7.7500	0.2	40	75	10980
263.5000	0.0	60	38	10981
30.0000	0.0	20	7	10982
46.0000	0.0	9	43	10982
6.0000	0.15000001	84	13	10983
19.5000	0.0	15	57	10983
17.4500	0.0	55	16	10984
4.5000	0.0	20	24	10984
19.0000	0.0	40	36	10984
17.4500	0.1	36	16	10985
62.5000	0.1	8	18	10985
32.0000	0.1	35	32	10985
21.0000	0.0	30	11	10986
81.0000	0.0	15	20	10986
18.0000	0.0	10	76	10986
13.0000	0.0	15	77	10986
30.0000	0.0	60	7	10987
46.0000	0.0	6	43	10987
34.8000	0.0	20	72	10987
30.0000	0.0	60	7	10988
49.3000	0.1	40	62	10988
25.0000	0.0	40	6	10989
21.0000	0.0	15	11	10989
9.6500	0.0	4	41	10989
10.0000	0.0	65	21	10990
14.0000	0.15000001	60	34	10990
24.0000	0.15000001	65	55	10990
28.5000	0.15000001	66	61	10990
19.0000	0.2	50	2	10991
15.0000	0.2	20	70	10991
18.0000	0.2	90	76	10991
34.8000	0.0	2	72	10992
123.7900	0.25	50	29	10993
9.6500	0.25	35	41	10993
55.0000	5.0000001E-2	18	59	10994
53.0000	0.0	20	51	10995
34.0000	0.0	4	60	10995
14.0000	0.0	40	42	10996
32.0000	0.0	50	32	10997
12.0000	0.25	20	46	10997
7.0000	0.25	20	52	10997
4.5000	0.0	12	24	10998
28.5000	0.0	7	61	10998
10.0000	0.0	20	74	10998
7.7500	0.0	30	75	10998
9.6500	5.0000001E-2	20	41	10999
53.0000	5.0000001E-2	15	51	10999
13.0000	5.0000001E-2	21	77	10999
22.0000	0.25	25	4	11000
4.5000	0.25	30	24	11000
13.0000	0.0	30	77	11000
30.0000	0.0	60	7	11001
21.0000	0.0	25	22	11001
12.0000	0.0	25	46	11001
24.0000	0.0	6	55	11001
6.0000	0.0	56	13	11002
18.0000	0.15000001	15	35	11002
14.0000	0.15000001	24	42	11002
24.0000	0.0	40	55	11002
18.0000	0.0	4	1	11003
18.4000	0.0	10	40	11003
7.0000	0.0	10	52	11003
31.2300	0.0	6	26	11004
18.0000	0.0	6	76	11004
18.0000	0.0	2	1	11005
55.0000	0.0	10	59	11005
18.0000	0.0	8	1	11006
123.7900	0.25	2	29	11006
40.0000	0.0	30	8	11007
123.7900	0.0	10	29	11007
14.0000	0.0	14	42	11007
45.6000	5.0000001E-2	70	28	11008
14.0000	5.0000001E-2	90	34	11008
21.5000	0.0	21	71	11008
4.5000	0.0	12	24	11009
19.0000	0.25	18	36	11009
34.0000	0.0	9	60	11009
30.0000	0.0	20	7	11010
4.5000	0.0	10	24	11010
13.2500	5.0000001E-2	40	58	11011
21.5000	0.0	20	71	11011
9.2000	5.0000001E-2	50	19	11012
34.0000	5.0000001E-2	36	60	11012
21.5000	5.0000001E-2	60	71	11012
9.0000	0.0	10	23	11013
14.0000	0.0	4	42	11013
9.5000	0.0	20	45	11013
12.5000	0.0	2	68	11013
9.6500	0.1	28	41	11014
25.8900	0.0	15	30	11015
13.0000	0.0	18	77	11015
12.5000	0.0	15	31	11016
19.0000	0.0	16	36	11016
10.0000	0.0	25	3	11017
55.0000	0.0	110	59	11017
15.0000	0.0	30	70	11017
38.0000	0.0	20	12	11018
62.5000	0.0	10	18	11018
38.0000	0.0	5	56	11018
12.0000	0.0	3	46	11019
20.0000	0.0	2	49	11019
31.0000	0.15000001	24	10	11020
19.0000	0.25	11	2	11021
81.0000	0.0	15	20	11021
31.2300	0.0	63	26	11021
53.0000	0.25	44	51	11021
34.8000	0.0	35	72	11021
9.2000	0.0	35	19	11022
36.0000	0.0	30	69	11022
30.0000	0.0	4	7	11023
46.0000	0.0	30	43	11023
31.2300	0.0	12	26	11024
2.5000	0.0	30	33	11024
21.0500	0.0	21	65	11024
21.5000	0.0	50	71	11024
18.0000	0.1	10	1	11025
6.0000	0.1	20	13	11025
62.5000	0.0	8	18	11026
53.0000	0.0	10	51	11026
4.5000	0.25	30	24	11027
49.3000	0.25	21	62	11027
24.0000	0.0	35	55	11028
55.0000	0.0	24	59	11028
38.0000	0.0	20	56	11029
43.9000	0.0	12	63	11029
19.0000	0.25	100	2	11030
21.3500	0.0	70	5	11030
123.7900	0.25	60	29	11030
55.0000	0.25	100	59	11030
18.0000	0.0	45	1	11031
6.0000	0.0	80	13	11031
4.5000	0.0	21	24	11031
33.2500	0.0	20	64	11031
21.5000	0.0	16	71	11031
19.0000	0.0	35	36	11032
263.5000	0.0	25	38	11032
55.0000	0.0	30	59	11032
32.8000	0.1	70	53	11033
36.0000	0.1	36	69	11033
10.0000	0.1	15	21	11034
19.4500	0.0	12	44	11034
28.5000	0.0	6	61	11034
18.0000	0.0	10	1	11035
18.0000	0.0	60	35	11035
14.0000	0.0	30	42	11035
7.4500	0.0	10	54	11035
6.0000	0.0	7	13	11036
55.0000	0.0	30	59	11036
15.0000	0.0	4	70	11037
18.4000	0.2	5	40	11038
7.0000	0.0	2	52	11038
21.5000	0.0	30	71	11038
45.6000	0.0	20	28	11039
18.0000	0.0	24	35	11039
20.0000	0.0	60	49	11039
19.5000	0.0	28	57	11039
10.0000	0.0	20	21	11040
19.0000	0.2	30	2	11041
43.9000	0.0	30	63	11041
19.4500	0.0	15	44	11042
28.5000	0.0	4	61	11042
21.0000	0.0	10	11	11043
49.3000	0.0	12	62	11044
2.5000	0.0	15	33	11045
53.0000	0.0	24	51	11045
38.0000	5.0000001E-2	20	12	11046
32.0000	5.0000001E-2	15	32	11046
18.0000	5.0000001E-2	18	35	11046
18.0000	0.25	25	1	11047
21.3500	0.25	30	5	11047
12.5000	0.0	42	68	11048
19.0000	0.2	10	2	11049
38.0000	0.2	4	12	11049
18.0000	0.1	50	76	11050
4.5000	0.2	10	24	11051
46.0000	0.2	30	43	11052
28.5000	0.2	10	61	11052
62.5000	0.2	35	18	11053
32.0000	0.0	20	32	11053
33.2500	0.2	25	64	11053
2.5000	0.0	10	33	11054
14.0000	0.0	20	67	11054
4.5000	0.0	15	24	11055
14.0000	0.0	15	25	11055
53.0000	0.0	20	51	11055
19.5000	0.0	20	57	11055
30.0000	0.0	40	7	11056
24.0000	0.0	35	55	11056
34.0000	0.0	50	60	11056
15.0000	0.0	3	70	11057
10.0000	0.0	3	21	11058
34.0000	0.0	21	60	11058
28.5000	0.0	4	61	11058
6.0000	0.0	30	13	11059
39.0000	0.0	12	17	11059
34.0000	0.0	35	60	11059
34.0000	0.0	4	60	11060
13.0000	0.0	10	77	11060
34.0000	0.0	15	60	11061
32.8000	0.2	10	53	11062
15.0000	0.2	12	70	11062
14.0000	0.0	30	34	11063
18.4000	0.1	40	40	11063
9.6500	0.1	30	41	11063
39.0000	0.1	77	17	11064
9.6500	0.0	12	41	11064
32.8000	0.1	25	53	11064
24.0000	0.1	4	55	11064
12.5000	0.0	55	68	11064
25.8900	0.25	4	30	11065
7.4500	0.25	20	54	11065
17.4500	0.0	3	16	11066
9.2000	0.0	42	19	11066
14.0000	0.0	35	34	11066
9.6500	0.0	9	41	11067
45.6000	0.15000001	8	28	11068
46.0000	0.15000001	36	43	11068
13.0000	0.15000001	28	77	11068
18.0000	0.0	20	39	11069
18.0000	0.15000001	40	1	11070
19.0000	0.15000001	20	2	11070
17.4500	0.15000001	30	16	11070
12.5000	0.0	20	31	11070
30.0000	5.0000001E-2	15	7	11071
6.0000	5.0000001E-2	10	13	11071
19.0000	0.0	8	2	11072
9.6500	0.0	40	41	11072
16.2500	0.0	22	50	11072
33.2500	0.0	130	64	11072
21.0000	0.0	10	11	11073
4.5000	0.0	20	24	11073
17.4500	5.0000001E-2	14	16	11074
19.0000	0.15000001	10	2	11075
12.0000	0.15000001	30	46	11075
18.0000	0.15000001	2	76	11075
25.0000	0.25	20	6	11076
23.2500	0.25	20	14	11076
9.2000	0.25	10	19	11076
19.0000	0.2	24	2	11077
10.0000	0.0	4	3	11077
22.0000	0.0	1	4	11077
25.0000	0.02	1	6	11077
30.0000	5.0000001E-2	1	7	11077
40.0000	0.1	2	8	11077
31.0000	0.0	1	10	11077
38.0000	5.0000001E-2	2	12	11077
6.0000	0.0	4	13	11077
23.2500	2.9999999E-2	1	14	11077
17.4500	2.9999999E-2	2	16	11077
81.0000	3.9999999E-2	1	20	11077
9.0000	0.0	2	23	11077
32.0000	0.0	1	32	11077
18.0000	5.0000001E-2	2	39	11077
9.6500	0.0	3	41	11077
12.0000	0.02	3	46	11077
7.0000	0.0	2	52	11077
24.0000	0.0	2	55	11077
34.0000	5.9999999E-2	2	60	11077
33.2500	2.9999999E-2	2	64	11077
17.0000	0.0	1	66	11077
15.0000	9.9999998E-3	2	73	11077
7.7500	0.0	4	75	11077
13.0000	0.0	2	77	11077
